100
10003
10005
10007
10010
10015
10025
10047
10048
1008
10083
10089
10090
10119
10134
10135
10136
1014
10144
1015
10168
10178
1018
10180
10181
10184
10200
10203
10204
10209
10211
10217
10220
10233
10241
1026
10260
10265
1028
10282
1031
10313
10316
10318
10322
10332
10347
10348
10354
10355
10356
10384
10386
1039
10413
10414
10416
10429
1043
10434
10438
10441
10455
10464
10465
10473
10474
10476
10490
10494
10501
10528
10538
10546
10553
10566
10568
1057
10575
1058
10588
10595
10596
106
10609
10613
10618
1062
10620
10630
10647
1067
10686
1069
10694
10699
10706
10707
10712
10714
10723
1073
10735
10743
10756
1076
10763
10772
10781
10789
10796
10815
10817
10818
10820
10821
10828
1083
10832
10845
10855
10865
10875
10883
10910
10912
10919
1092
10924
10930
10958
10959
10964
10977
10978
10986
10987
10993
11003
1102
11025
11026
11030
11042
11049
11062
11067
11078
11081
11089
11091
11105
11111
11117
11123
11127
1113
11135
11138
11145
11153
11154
11161
11181
11183
11187
11200
11201
11203
11212
11215
1122
11225
11233
11247
11254
11261
11265
11268
1127
11275
11281
11287
11297
113
11306
11346
11347
11350
11372
11377
11386
11387
11396
11401
11403
11407
11418
11424
11428
11438
11447
11466
1147
11483
11484
11491
11493
11494
11499
11500
11504
11506
11518
11523
11528
11533
1154
11541
11557
11560
11573
11575
11577
11580
11586
11588
1160
11602
11603
11608
11612
11613
11617
11621
11626
11657
11662
11695
11701
11702
11703
11707
11717
11721
11726
11742
1175
11750
11759
11774
11775
11778
11782
11786
11797
11799
11809
11813
11816
11818
1183
11831
11832
11838
11839
1184
11841
11843
11845
11851
11859
11861
11864
11878
11881
11882
11885
11901
11903
11909
11913
1193
11931
1194
11942
11951
11953
11957
1196
11970
11976
11987
11990
11997
11999
12007
12011
1203
12042
12044
12054
12072
12076
12077
12084
12090
12102
12107
12113
12132
12134
12143
12146
12148
12151
12152
12164
12172
12181
12204
12222
12228
12229
12232
12236
12246
12248
12251
12261
1227
12277
12278
12281
12290
12291
12307
12309
12310
12313
12318
1232
12320
12321
12335
12339
12343
12346
12350
12353
12356
12362
12367
12379
12386
12388
12398
12413
12415
12421
12422
12449
12458
12466
12489
12493
12496
125
12504
12510
12512
12515
12518
12526
12539
12543
12555
12556
12560
12563
12564
12568
12571
12572
12575
12576
12578
12579
12581
12583
12585
1259
12594
12601
12602
12606
12621
12628
12633
12653
12671
12676
12687
12691
12702
1271
12713
12714
12720
12721
12728
12732
12733
12736
12738
12741
12753
12757
12760
12773
12783
12785
12788
12791
12798
12802
12803
12810
12815
12835
12837
1284
12844
12845
12846
12852
12855
1286
12860
12866
12870
12874
12877
12892
12897
12908
12917
12918
1292
1293
12930
12932
12936
12943
1295
12959
12965
12969
12976
12982
12984
12986
12991
1300
13003
1302
13032
13033
13048
13050
13051
13054
1306
13066
13077
13079
13085
13087
13097
13099
13109
13110
13113
13120
13125
13127
13130
13135
13161
13165
13169
13170
13178
1318
13181
13188
13194
13201
13205
1321
13212
13225
13237
13248
13266
13267
13276
13286
13288
13296
13309
13317
13320
13346
13347
13350
13351
13361
13365
13371
13373
13390
13402
13408
13411
13416
13433
13439
13445
13472
13476
13479
13485
13487
13495
13501
13507
13520
13539
13543
13547
1355
13562
13568
13574
13580
13583
1359
13590
13603
13609
13622
1363
13633
13645
13646
13668
13674
13677
13679
13695
13697
137
13705
1372
13720
13725
13749
13756
13761
13773
13775
13779
13784
13798
1380
13800
13806
13808
13809
1381
13823
13824
13843
13849
13854
13856
13862
13876
13877
13883
13884
139
13908
13910
13913
13917
13925
13930
13938
13965
13966
13968
13971
13975
13978
13990
13995
140
1400
14000
14013
14017
1402
14026
14035
14042
1408
14085
14089
14092
141
14110
14134
1415
14164
1417
14197
1420
14202
14205
14208
14211
14212
14218
14222
14224
14228
14229
14230
1424
14240
14248
14254
14263
14268
1427
14274
14289
14292
14297
14298
14308
1431
14311
14312
14338
14351
14361
14362
14364
14370
1438
14391
14392
14393
14394
14412
14414
1442
14420
1443
14439
14453
14461
14465
14471
14476
14498
14500
14503
14516
14519
14530
14534
14539
14554
1456
14561
14572
14575
14589
14598
14610
14612
14625
14629
14634
14644
14647
14653
14658
1466
14662
14682
14683
14692
14699
14702
1471
14712
14738
14748
14760
14764
14765
14782
14787
14793
14796
1480
14807
14810
14814
14815
14829
14833
14846
14850
14851
1486
14861
14866
14872
14888
1489
14891
14900
14922
14926
14927
14935
1494
14943
14944
14948
14952
14953
14959
1496
14964
14989
14995
15002
15009
15018
15036
15051
15052
15054
15059
15063
15071
15074
15079
15092
151
15104
1511
15114
1512
15124
1513
15135
15138
1514
15140
15148
15158
15174
15177
15188
15190
15192
15196
15202
15203
15212
15228
15229
15231
15235
15238
15242
15248
1525
15253
15257
1526
15267
15270
15272
15274
15295
1530
15305
15306
15307
15312
15313
15325
15326
15344
15352
15356
15360
15377
15383
15397
15403
15409
15417
15420
15442
15468
15474
15482
15486
15487
15504
15505
15506
15509
15520
15528
15535
15539
15547
15553
15561
15562
15569
15574
1558
15595
15597
156
15609
15612
15614
15622
15626
15630
15636
15667
15669
15671
15673
15676
1568
15688
15694
157
15702
15708
1575
15775
15776
15779
15784
15789
15790
15802
15809
15820
15822
15839
15845
15860
15863
15871
15878
15885
15893
15904
15911
15926
15931
15935
15940
15954
15957
15965
15970
15991
15996
16023
16027
16038
1604
16047
16052
16056
16060
16068
1607
16083
16085
16094
16096
1610
16101
16103
1611
16115
16120
16135
16141
16143
16149
16153
16159
16167
16173
16190
16199
16207
1622
16223
16240
16243
16247
16257
16258
16288
16293
16299
16311
16315
16339
16348
1635
16351
16353
16357
16363
16368
1638
16382
1642
16423
16431
16436
16439
16452
16457
16458
16476
16477
16478
16480
16484
16498
16499
165
16502
16535
16537
16541
16543
16545
16546
16549
16553
16556
16558
1656
16561
1657
16573
16575
16580
16586
16593
16594
16595
16600
16606
16611
16620
16624
1664
16640
16643
16647
16656
16657
16662
16667
16669
1668
16694
167
16710
16712
16716
16718
16729
16742
16753
16760
16763
16764
16772
1678
16784
16801
16813
16818
16827
16831
16832
16834
16846
16857
16859
16868
16875
16876
16877
16879
16890
16897
16899
169
16900
16901
16916
16938
16948
1695
16956
16960
16961
16963
16966
16971
16986
16992
16993
1701
17011
17016
17029
17047
1706
17067
1707
17090
17092
17113
17118
1712
17143
17144
17170
17179
17182
17183
17200
17202
17208
17209
17211
17218
17220
17223
17228
17248
17249
17276
17282
17289
17290
17296
17302
17304
17311
17315
17319
17324
17328
17346
17363
17370
17372
17373
1739
17397
17398
17428
17432
17433
17434
17435
17443
17454
17460
17462
1747
17476
17477
17481
17499
175
17504
17511
17514
17515
17522
17531
17533
17536
17542
17546
17557
17561
17576
1758
17584
17586
17597
1760
17601
17606
17610
17613
17615
17630
17635
17639
1764
17644
17657
17673
17699
1770
17705
17713
17731
17740
17748
17751
17758
17759
17765
17783
17786
17787
17789
17793
17796
17797
17821
17828
17839
17850
17859
17867
1787
17874
17886
17887
17898
1790
17919
17927
17928
17930
17939
17949
17951
17954
17955
17960
17964
17970
17991
17999
18011
18012
18019
1804
18044
18053
18055
18057
1806
18062
18063
18064
18065
18074
18091
18099
18105
18106
18109
18116
18125
18132
18136
18139
1814
18154
18155
18157
1816
18160
18161
18169
18173
18174
18180
18185
18194
1822
18230
18237
18242
18244
18245
18248
18250
18251
18252
18257
18258
18262
18271
18273
1828
18305
18313
18332
18338
18353
18359
18368
18371
18387
18388
18389
18390
1840
18407
18409
18429
18445
18458
18478
1848
18482
18485
18487
18489
18500
18503
18504
18519
18520
18524
18527
18530
18537
18542
18554
18557
18559
18562
18572
18583
18589
18592
186
18610
18626
1863
18644
1865
18656
18660
18677
18683
18691
18692
1870
18701
18703
1871
1873
18735
18736
18738
18747
18748
18751
18757
18760
18765
18773
18775
18787
18789
18793
18814
18823
18830
18835
18841
18843
18845
1885
18857
1886
18870
18883
18913
18918
18927
18940
18949
18955
18960
18961
18970
18974
18996
19
190
19001
19003
19018
19032
19038
19043
19046
19052
19053
19058
19064
19079
19092
19097
19100
19107
19125
19130
19138
19158
1916
19163
19185
19197
19208
19226
19233
19235
19236
19240
19244
19245
19253
19254
19261
19269
19295
19298
19300
19301
19303
19305
19307
19312
19313
19329
19334
19346
19362
19369
19373
19375
19379
19380
19385
1939
19392
19396
19397
19399
19418
1942
19429
19433
19438
19452
19457
19466
19467
19474
19481
1950
19514
1952
19524
19525
19535
19548
19550
19558
19563
1957
19570
19578
19581
19582
19584
19595
19596
19609
19627
19632
19637
19643
1965
19662
19667
19668
19675
19681
19694
19703
19706
19712
19713
19732
19746
1975
19759
19762
19767
19775
19786
19791
19795
19797
198
19808
19810
19812
19813
19814
19817
1982
19824
1983
19837
19851
19856
19878
19880
19887
19888
19890
19896
19903
19913
19915
19917
19930
19956
19958
19972
19975
19976
1998
19982
19984
19993
19994
20001
20004
20011
20012
20033
20038
20039
20053
20055
20058
20064
20068
20069
20077
20084
20089
20091
20092
20112
20123
2015
20153
20155
20161
20163
20166
20176
2018
20181
20186
20192
20198
202
20211
20221
20240
20243
20259
20267
2027
20276
20286
20288
20293
20306
20315
20319
20326
2033
20341
20346
20350
20362
20368
20370
20374
20382
20389
20400
20403
20407
20410
20413
20423
20425
20432
20437
20441
20442
20454
20455
2046
20462
20468
20469
20474
20482
20486
20490
20492
20498
20503
20508
20522
20530
20537
20538
20551
20552
20581
20596
20601
20610
20616
20617
20621
20626
2065
20660
20662
2067
20676
20693
20694
20696
20704
20705
20707
20727
20728
20731
20734
20745
20756
20773
20777
2078
20781
20784
20787
20798
20802
20803
20804
20819
20824
20836
20837
20844
20853
2086
20861
20883
20893
20896
209
20909
20913
20915
20928
2093
20930
20935
2094
20973
20976
20978
20986
20987
20991
21
21000
21010
21024
21027
21033
21034
21037
21047
21048
21049
21053
21054
21064
21066
21075
21096
21100
21107
21109
21116
21117
21122
2113
21130
21141
21150
21152
21156
21174
2118
2119
21193
21200
21203
21212
21214
21217
2122
21222
21241
21245
2126
21265
21268
21277
21293
21296
21299
21302
21303
21304
21308
21310
21312
2132
21342
21343
21344
21345
21348
2135
21359
21366
21370
21381
21382
21384
21386
21399
21400
21415
21421
21438
2144
21440
21445
2145
21460
21462
21468
21474
21475
21483
2149
21492
21505
21507
2151
21519
21526
21530
21557
21560
2158
21581
2159
2160
21602
21615
21619
21625
21629
21631
21632
21646
21651
21666
2167
21670
21674
21679
21681
21697
21700
21702
21706
21717
21737
21740
21754
21765
21770
21772
21773
21774
21780
21781
21798
2181
21828
21839
21843
21847
21855
21884
21890
21897
21909
21915
21918
21946
21956
21974
21975
21984
21993
21997
220
22004
22031
22034
22047
22048
22053
22062
22068
22070
22071
22082
22091
22092
22095
22099
22104
22105
22117
22118
22121
22122
22127
22128
2214
22141
22144
22147
22148
22155
22166
22173
22175
22177
22178
22185
22196
22202
22208
22218
22222
22223
22231
22241
2225
22253
22260
22262
22263
22266
22268
22273
22275
2228
22290
22294
22295
22301
2231
22322
22327
22333
22337
22339
22342
22347
22348
2235
22364
22391
22405
22413
22417
22434
22450
22464
22468
2247
2248
22483
22488
22489
2249
22495
22499
22500
22505
22508
22521
22527
22528
22531
22538
2254
22557
22558
22560
22567
22570
22573
22575
22576
22583
22588
22602
22615
22629
22633
22635
2264
22642
22646
2266
22664
22686
22693
22697
22704
22706
22712
22715
22716
22723
22729
22749
22752
22757
22763
22772
22776
22788
22789
22791
22797
22798
22805
22808
22810
22811
22828
22836
22839
22844
22849
22861
22866
22873
2288
22887
22889
22917
22918
22924
22929
22959
22966
22970
22972
22982
22983
22986
22999
23007
23046
23050
23065
2308
23083
23092
23115
23126
23127
23158
23162
23172
23176
23178
23181
232
2322
23226
23243
23252
2326
23270
23285
23290
23308
23315
23322
23343
23348
23366
23372
23384
23389
234
23401
23408
23411
23418
2342
23423
23429
23431
23433
23437
23448
23452
23470
23489
23490
23492
23495
235
23500
23501
23502
23503
23508
23512
23516
2352
2353
2354
23555
2356
23560
23561
23566
23570
23610
23612
23617
23618
23624
23635
23636
23641
23646
23652
23663
23675
23687
23689
23691
23693
23696
2370
23703
2371
23716
23724
2374
23740
23746
23751
23756
23760
23763
23765
23777
23787
23788
23798
2380
23802
23810
23825
23826
23843
23844
23849
23862
23866
23871
23877
2389
23902
23906
23909
23911
23916
23926
23935
2395
23954
23962
23975
23983
23985
23998
23999
24007
24009
24010
24015
24021
24026
24028
24037
24039
24074
24075
24077
24081
24083
24086
24094
24099
24106
2411
24121
24124
24125
24128
2413
24132
24134
24140
2415
24151
24152
24158
24171
24183
24186
24192
24203
24216
24222
24230
24234
24248
24249
24250
24256
24259
24261
24268
24273
24278
2428
24294
24303
24308
24323
24334
24336
24342
24351
24353
24354
24356
24357
24358
24360
24366
24368
24369
24387
244
24408
24411
24415
24420
24428
24431
24435
24443
24455
24467
24473
24480
24481
24499
24501
24503
24504
24505
24506
2451
24511
24535
24537
24538
24541
24542
24546
24559
24562
24569
24571
24586
24594
24599
24603
24607
24636
24645
24650
24654
24658
2467
24672
24679
2468
24682
24684
24693
24700
24714
24716
24718
24728
24734
24735
24749
24750
24753
24758
24762
24764
24777
24782
24787
2479
24794
24812
2482
24834
24856
24862
24865
24867
24888
24891
24896
249
24908
2492
24929
24938
2494
24948
24964
2498
24984
24993
24995
24997
25002
25009
2501
25012
25015
25016
25022
25026
25029
25033
25034
25038
25044
25059
25078
25080
25086
25091
25097
25098
25104
25112
25116
25123
25125
25126
2513
25141
25145
25159
25166
25167
25182
25189
25205
25207
25211
25213
25217
25218
25241
25247
25253
25271
25277
25278
2528
2529
25290
25293
25308
25310
25315
2532
25322
25345
25348
25353
25358
25378
25380
25382
25391
25403
25413
25422
2543
25439
25442
25455
2546
25494
25496
25498
25501
25502
25505
25507
2552
25520
25524
2554
25542
2555
25552
25556
25562
25566
25568
25578
2558
25593
25600
25601
25603
25613
25618
25629
25632
25637
25641
25654
25655
25670
25675
25681
25684
25702
25706
25712
25714
25723
25727
25732
25734
25769
2577
25774
25775
25779
2579
25803
25813
25817
25828
2583
25833
25834
25840
25841
25855
25857
25861
25866
25869
2587
25883
25885
25886
25888
2589
25890
25891
25918
25920
25925
25926
25936
25938
25948
2596
25961
25965
25968
2597
25970
25991
26013
26014
26025
26052
26069
26071
26075
26088
26092
26100
26102
26107
2612
26124
26125
26140
26145
26156
26163
26164
26170
2618
26180
26184
26196
262
26202
26208
26209
26213
26217
2622
26235
26241
26244
26276
26277
26288
2629
26295
26301
26302
26310
26316
26329
2633
26331
26337
26346
2635
26355
26357
2636
26361
26363
2637
26371
26373
26388
26407
26412
26413
26415
26420
26428
26437
26438
2644
26443
26444
26446
26451
26454
26458
26469
26477
26484
26503
26506
26511
26513
26515
2652
26524
26531
26533
26537
26548
26551
26555
26572
26576
2658
26588
2659
26590
26591
26594
26596
26597
26601
26605
26610
26611
26612
26619
26622
26630
26636
2664
26642
26648
26652
26654
26663
26672
26675
26683
26689
26692
26696
26697
26704
26718
26719
26722
26727
26736
26757
26765
26779
26780
26792
26797
268
26820
2684
26851
26852
26858
26860
26862
2687
26878
26885
26890
26898
26906
2691
26911
26912
26917
26918
26942
26954
26965
26969
26971
26977
2698
26980
26981
26983
26984
26993
270
27012
27026
27028
27030
27043
27045
27047
27048
27055
2707
27073
27077
27080
27081
271
27105
27110
27112
27123
27130
27132
27134
27135
2714
27143
27144
27157
27162
27163
27169
27173
2718
27183
2719
27213
27214
27222
27231
27234
27235
27236
27247
27258
2726
27261
27270
2728
27280
27288
27299
27303
27316
27333
27336
27337
27339
27346
27350
27356
27368
27381
27403
27408
27429
27438
2744
27452
27455
27459
27462
27467
27473
27477
27479
27486
27495
275
27508
27509
27518
27519
2753
27534
27541
27549
27562
27567
27573
27586
2759
27590
27597
27598
27606
27617
27637
27638
27643
27647
27654
27659
27663
27664
2767
27679
27690
27699
2770
27701
27703
27705
27707
27709
27714
27715
27728
27730
27731
27736
27737
27744
27752
27756
27759
27760
27766
27777
27778
27782
27785
27786
27797
27802
27815
27816
27822
27824
2785
27850
27859
27866
27873
27878
27882
27887
27890
27910
27913
27922
27928
27937
27951
27959
27975
27979
27984
27989
27990
27992
27997
2800
28019
28025
2803
28031
28036
28038
28041
28047
28051
28052
28055
28062
28073
28077
28081
28083
28084
28095
28133
28141
28142
28150
28153
28154
28167
28169
2817
28171
28202
28205
28209
28217
28224
28228
28229
28245
28253
28254
28259
2826
28275
28277
28291
28295
28296
28301
28307
28315
28327
28332
28334
28335
2834
28344
28347
28353
28363
28366
28368
28369
28373
28382
28383
2839
284
28421
28425
28428
28446
28447
28454
28455
28457
28461
28464
28466
28470
28474
28475
28485
28492
28494
28505
28509
28512
28531
28535
28543
28549
28559
28563
28578
28594
28596
2860
28601
28607
28611
28619
28620
28621
28635
28636
28637
28640
28647
28674
2868
28683
28698
28700
28716
28717
2872
28726
2873
28734
28738
28752
28758
28767
28770
28773
2888
2893
2905
2915
2918
2926
2933
2939
2943
2945
2986
2991
2994
2996
2999
3008
3039
304
3048
3059
3071
3072
3079
3098
3108
3116
3117
3130
3136
3139
3140
3142
3144
3145
3155
3166
3168
3173
3175
3197
320
3202
3213
3232
3234
3252
3265
3275
3279
3289
3304
3309
3312
3327
3328
3335
335
3363
3368
3369
3375
3377
3385
3388
3391
3402
3408
3410
343
348
3483
3485
3488
3490
3495
3500
3516
3517
3519
3523
3551
3553
3555
3556
3560
3574
3576
3577
3578
3586
3596
3601
3623
3638
364
3643
3648
3660
3663
3666
3668
3671
3672
3683
3686
3688
3694
3705
371
3710
3714
3722
3729
373
3731
3734
3743
375
3752
3753
3755
3763
3773
3777
378
3786
3788
3792
3793
3794
3805
3810
3820
3827
3832
3844
3846
385
3854
3861
3870
3873
3875
3877
3880
3895
3907
3910
3915
3922
3925
3926
3931
3932
3944
3946
3947
3951
3964
397
3971
3978
3980
3982
3984
3985
3997
3998
4002
4006
4007
4015
402
4023
4026
4043
4060
4061
4068
4071
4078
4090
4103
4106
4119
4141
4155
4164
4174
4201
4209
4210
4216
4235
4240
4251
4253
4259
4267
4289
429
4290
4294
4301
4305
4306
4313
4317
432
433
4330
4347
4354
4356
4368
4374
4376
4386
4390
4392
4396
44
4405
4415
4418
4421
4422
4424
4429
443
4441
4445
4448
4453
4455
4457
4461
4464
4465
4467
4473
4478
449
4493
451
4511
4515
4516
452
4520
4528
453
4530
4539
4547
4552
4554
4566
4572
4577
4578
4584
4587
4595
4598
4599
4605
4617
462
4623
4630
4633
4644
4645
4647
4648
4649
4658
466
4661
4677
468
4680
469
4690
4692
4693
47
4712
4719
473
4739
4757
4771
4772
4775
4776
4785
4786
4792
4808
4810
4812
4816
4820
4828
4831
4834
4840
4844
4846
4866
4867
487
4872
4881
4893
49
4908
491
4914
4927
4931
4934
494
4942
4944
4957
4966
4971
4972
4974
4979
498
499
4991
4993
4995
5
5016
5018
5020
5036
5051
5052
5059
5061
5073
508
5092
5093
5097
510
5104
5111
5112
5113
5127
5132
5134
5140
5143
5147
5155
5156
5166
5178
5180
5192
5197
522
5223
5236
5247
525
5250
5262
5273
5276
5299
530
5302
5305
5308
531
5317
5331
5340
5355
5357
5374
538
5391
5398
5400
5402
5412
5423
5425
5438
5439
5441
5451
5452
5455
5463
5468
5469
5473
5476
5478
5479
548
5481
5487
5492
5499
550
5504
5510
5518
5541
5542
5545
5551
5570
5572
5576
5578
558
5586
5588
5589
559
5610
5614
5617
563
5638
5644
5647
5650
5651
5659
566
5660
5663
5674
5676
5684
5685
5687
5689
5690
5699
5702
5704
5709
5714
5715
5725
5728
5729
5732
5733
575
5751
5772
5774
5775
5782
579
5791
5798
5802
5817
5830
5835
5836
5843
5844
585
5851
5856
5861
587
5874
5883
5888
5889
5896
5912
5917
592
5921
5927
5931
5945
5964
5984
5988
6
6018
6030
6032
6037
6051
6053
6055
6057
6072
6075
6076
6083
6084
609
6102
6103
6107
6133
6134
6140
6154
6157
6159
617
6176
6177
6179
6194
6195
6199
6201
6212
6219
6236
6250
6253
626
6261
6266
6278
6281
6282
6283
6284
630
631
6315
6317
6321
6335
635
6350
6351
6357
6362
6364
6368
6370
6371
638
6380
6383
6386
6388
6391
6411
6415
6422
6424
6430
6435
644
6447
6448
6450
6471
6473
6476
6487
650
6517
6518
6525
6538
6549
6556
6557
6562
6567
6568
6578
6579
659
6593
661
6614
6621
6635
6638
6640
6641
6645
6654
6657
6660
6663
6679
6683
670
6700
6701
6716
672
6731
6745
6754
6761
6769
6775
6778
6783
679
6796
6803
6809
6813
6815
6816
6817
6818
6819
6822
6823
6824
6839
6840
6843
6850
6854
6859
686
6866
6867
6868
6870
6896
6900
6922
6931
6959
6995
6999
7010
7025
703
7040
7046
7050
7052
7058
7067
7079
7081
7082
7089
7095
7103
7115
7116
712
7122
7129
716
7168
7174
720
7207
7218
7227
7228
723
7233
7235
7255
726
7262
7263
7264
7266
7269
7277
7281
7284
7292
7305
7307
7309
7315
732
7327
7336
7338
734
7350
7358
736
7360
7369
7370
7384
7385
7386
7387
7395
7396
7402
7408
7420
7431
7433
7434
7458
747
7476
7483
7495
7503
7508
7509
7518
7520
7529
7531
7544
7550
7551
7563
7579
7595
7608
7610
7611
7614
7615
7621
7651
7659
7662
7676
7681
7701
7702
7706
771
7713
7714
7715
7719
772
7727
7729
7735
7737
7746
7753
7756
7759
7760
7761
7762
777
7773
778
7786
7789
7794
7795
7801
7811
7821
7825
7826
7832
7843
7853
7866
7877
7890
7899
7900
7911
7920
7922
7939
7959
7963
7969
7986
7990
7996
7997
8007
8008
8012
8020
8033
804
8041
8051
8056
8061
8064
8065
8070
8089
8096
81
810
8101
8121
8123
8124
8126
8131
814
8142
8153
8181
8185
8186
8196
8213
8229
8240
8259
828
8284
8286
8292
8297
8298
8302
8305
8307
8324
8325
8327
8328
8332
8338
8339
834
8342
8348
8352
8359
8363
8365
8367
8369
837
8373
8378
838
8384
8390
841
8413
8418
8429
8440
8443
8450
8465
8475
8476
848
8481
8483
8489
8493
8513
8516
852
8523
8530
8534
8541
855
856
8563
8572
8577
8581
8590
8591
8593
8595
8596
8598
8612
8634
8639
8645
8648
8649
8650
8656
8658
8666
8668
8684
869
8694
8699
87
8702
8709
8710
8716
8719
8728
8731
8735
8737
8742
8748
8766
8768
8769
8780
8783
8806
8813
8814
8819
8830
8834
8841
8858
8859
8876
89
8909
8913
895
897
8974
8978
8992
8996
9000
9001
9006
9008
9014
9017
9019
904
9040
9050
9067
9071
908
9080
9081
9085
9094
91
911
9119
9158
9159
918
9180
9182
9191
9202
9206
9207
9219
9224
9227
9230
9231
9236
9240
9245
9246
9249
9252
9254
9259
9261
9262
9272
9282
9285
9286
9291
9295
9310
9311
9315
9326
9344
9376
9382
940
9406
9411
9412
9413
9418
9426
9427
9428
9430
9434
9441
9453
9456
9459
9463
9467
9471
9483
9498
9500
9506
9511
9520
9521
9530
9534
9535
955
9555
9557
9559
9562
9563
9568
9576
958
9584
9586
9589
9594
960
9607
9621
9623
9624
965
9654
9655
9656
9663
9667
9684
9708
971
9710
9711
9719
9739
9742
9748
9763
9778
9785
979
9792
9795
9797
9798
98
9805
981
9823
9844
9845
9850
9851
9883
9895
9896
9906
9907
9910
9916
9919
9920
9933
9940
9946
9949
9953
9955
9957
9963
9965
9966
9975
9976
9987
9990
9995
9999
